
Protocol tcp Port Exclusion Ranges

Start Port    End Port      
----------    --------      
     50000       50059     *
     51085       51184      
     51312       51411      
     51739       51838      
     51839       51938      
     54132       54231      
     54404       54503      
     54514       54613      
     54614       54713      
     55014       55113      
     55114       55213      
     55214       55313      
     55314       55413      
     55552       55651      
     55652       55751      
     56098       56197      
     56342       56441      
     56442       56541      
     56542       56641      
     57701       57800      
     57801       57900      
     58526       58526     *
     58653       58752      
     64411       64510      
     64511       64610      

* - Administered port exclusions.


