
Протокол tcp Диапазоны исключения портов

Начальный порт    Конечный порт      
----------    --------      
     50000       50059     *
     54132       54231      
     54404       54503      
     54514       54613      
     54614       54713      
     54714       54813      
     54814       54913      
     54914       55013      
     55014       55113      
     55114       55213      
     55214       55313      
     55314       55413      
     55454       55553      
     55554       55653      
     55754       55853      
     55898       55997      
     55998       56097      
     56098       56197      
     56342       56441      
     56442       56541      
     56542       56641      
     57712       57811      
     57812       57911      
     58526       58526     *

* - управляемые исключения портов.


