
Протокол tcp Диапазоны исключения портов

Начальный порт    Конечный порт      
----------    --------      
      2869        2869      
     50000       50059     *
     55212       55311      
     55312       55411      
     56612       56711      
     56712       56811      
     56812       56911      
     56912       57011      
     57012       57111      
     57112       57211      
     57212       57311      
     57412       57511      
     57512       57611      
     58526       58526     *
     62517       62616      
     62617       62716      
     62717       62816      
     62817       62916      
     62917       63016      
     63017       63116      
     63217       63316      
     63317       63416      
     63853       63952      

* - управляемые исключения портов.


